1 1 9.1000 4.6000 0.0000 -0.7854 -1.0000
1 2 9.0056 4.6459 0.0218 -0.3927 -2.0000
1 3 8.8073 4.6877 0.0443 0.0000 -2.0000
1 4 8.6075 4.6789 0.0443 -0.7854 -2.0000
1 5 8.4139 4.7601 0.0880 -0.7854 -2.0000
1 6 8.2169 4.8329 0.1317 0.3927 -2.0000
1 7 8.0273 4.7612 0.1092 -0.7854 -1.0000
1 8 7.9285 4.7966 0.1310 -0.7854 -2.0000
1 9 7.7286 4.8608 0.1747 -0.7854 -2.0000
1 10 7.5261 4.9162 0.2184 -0.7854 -2.0000
1 11 7.3214 4.9627 0.2620 -0.3927 -2.0000
1 12 7.1188 4.9562 0.2845 -0.3927 -2.0000
1 13 6.9164 4.9450 0.3070 0.0000 -2.0000
1 14 6.7258 4.8846 0.3070 -0.7854 -2.0000
1 15 6.5177 4.9128 0.3507 0.3927 -2.0000
1 16 6.3482 4.8017 0.3282 0.7854 -2.0000
1 17 6.1975 4.6555 0.2845 -0.7854 -2.0000
1 18 5.9901 4.6884 0.3282 -0.7854 -2.0000
1 19 5.7815 4.7122 0.3719 -0.7854 -2.0000
1 20 5.5721 4.7269 0.4156 -0.7854 -2.0000
1 21 5.3622 4.7324 0.4592 -0.7854 -2.0000
1 22 5.1523 4.7287 0.5029 0.0000 -2.0000
1 23 4.9771 4.6323 0.5029 0.3927 -2.0000
1 24 4.8264 4.4968 0.4804 -0.3927 -2.0000
1 25 4.6300 4.4465 0.5029 -0.3927 -1.0000
1 26 4.5323 4.4197 0.5141 -0.3927 -1.0000
1 27 4.4349 4.3918 0.5254 -0.7854 -1.0000
1 28 4.3302 4.3842 0.5472 0.3927 -2.0000
1 29 4.1856 4.2421 0.5247 -0.7854 -1.0000
1 30 4.0809 4.2345 0.5466 0.7854 -2.0000
1 31 3.9654 4.0592 0.5029 -0.7854 -2.0000
1 32 3.7559 4.0464 0.5466 -0.7854 -2.0000
1 33 3.5471 4.0244 0.5902 -0.3927 -2.0000
1 34 3.3574 3.9529 0.6127 0.3927 -2.0000
1 35 3.2225 3.8017 0.5902 0.3927 -2.0000
1 36 3.0842 3.6535 0.5678 0.3927 -2.0000
1 37 2.9426 3.5085 0.5453 -0.3927 -2.0000
1 38 2.7499 3.4455 0.5678 0.3927 -1.0000
1 39 2.6795 3.3726 0.5565 -0.7854 -2.0000
1 40 2.4710 3.3486 0.6002 -0.3927 -2.0000
1 41 2.2820 3.2752 0.6227 0.7854 -1.0000
1 42 2.2321 3.1828 0.6008 0.0000 -2.0000
1 43 2.0672 3.0698 0.6008 0.3927 -2.0000
1 44 1.9304 2.9201 0.5784 -0.3927 -1.0000
1 45 1.8350 2.8860 0.5896 0.0000 -1.0000
1 46 1.7519 2.8304 0.5896 0.0000 -1.0000
1 47 1.6688 2.7748 0.5896 0.3927 -1.0000
1 48 1.6000 2.7004 0.5784 0.3927 -1.0000
1 49 1.5304 2.6268 0.5671 -0.7854 -1.0000
1 50 1.4261 2.6148 0.5890 0.7854 -1.0000
1 51 1.3731 2.5241 0.5671 -0.3927 -2.0000
1 52 1.1818 2.4570 0.5896 0.0000 1.0000
1 53 1.2650 2.5126 0.5896 -0.7854 -2.0000
1 54 1.0573 2.4817 0.6333 0.3927 2.0000
1 55 1.1856 2.6386 0.6558 -0.3927 -2.0000
1 56 1.0010 2.5548 0.6782 0.0000 -2.0000
1 57 0.8453 2.4293 0.6782 -0.7854 -2.0000
1 58 0.6412 2.3802 0.7219 -0.3927 -2.0000
1 59 0.4626 2.2844 0.7444 0.0000 -2.0000
1 60 0.3155 2.1488 0.7444 -0.7854 -1.0000
1 61 0.2149 2.1187 0.7662 0.0000 2.0000
1 62 0.3591 2.2573 0.7662 0.0000 -2.0000
1 63 0.2149 2.1187 0.7662 0.0000 2.0000
1 64 0.3591 2.2573 0.7662 0.0000 -2.0000
1 65 0.2149 2.1187 0.7662 0.0000 2.0000
1 66 0.3591 2.2573 0.7662 0.0000 -2.0000
1 67 0.2149 2.1187 0.7662 0.0000 2.0000
1 68 0.3591 2.2573 0.7662 0.0000 -2.0000
1 69 0.2149 2.1187 0.7662 0.0000 2.0000
1 70 0.3591 2.2573 0.7662 0.0000 -2.0000
1 71 0.2149 2.1187 0.7662 0.0000 2.0000
1 72 0.3591 2.2573 0.7662 0.0000 -2.0000
1 73 0.2149 2.1187 0.7662 0.0000 2.0000
1 74 0.3591 2.2573 0.7662 0.0000 -2.0000
1 75 0.2149 2.1187 0.7662 0.0000 2.0000
1 76 0.3591 2.2573 0.7662 0.0000 -2.0000
1 77 0.2149 2.1187 0.7662 0.0000 2.0000
1 78 0.3591 2.2573 0.7662 0.0000 -2.0000
1 79 0.2149 2.1187 0.7662 0.0000 2.0000
1 80 0.3591 2.2573 0.7662 0.0000 -2.0000
1 81 0.2149 2.1187 0.7662 0.0000 2.0000
1 82 0.3591 2.2573 0.7662 0.0000 -2.0000
1 83 0.2149 2.1187 0.7662 0.0000 2.0000
1 84 0.2149 2.1187 0.7662 0.0000 0.0000
2 1 6.3000 5.0600 0.0000 -0.7854 -2.0000
2 2 6.1102 5.1498 0.0437 -0.7854 -2.0000
2 3 5.9167 5.2312 0.0873 -0.7854 -2.0000
2 4 5.7198 5.3040 0.1310 0.3927 -2.0000
2 5 5.5301 5.2325 0.1085 -0.3927 1.0000
2 6 5.6305 5.2186 0.0973 0.0000 -1.0000
2 7 5.5310 5.2089 0.0973 0.7854 -2.0000
2 8 5.3508 5.1011 0.0536 -0.7854 -2.0000
2 9 5.1565 5.1806 0.0973 -0.7854 -2.0000
2 10 4.9589 5.2515 0.1410 -0.7854 -2.0000
2 11 4.7584 5.3137 0.1846 -0.7854 -2.0000
2 12 4.5553 5.3671 0.2283 -0.7854 -2.0000
2 13 4.3501 5.4116 0.2720 -0.7854 -2.0000
2 14 4.1432 5.4470 0.3157 -0.7854 -2.0000
2 15 3.9349 5.4735 0.3593 -0.3927 -2.0000
2 16 3.7339 5.4472 0.3818 -0.3927 -2.0000
2 17 3.5336 5.4165 0.4043 -0.3927 -2.0000
2 18 3.3340 5.3813 0.4268 0.3927 -2.0000
2 19 3.1734 5.2576 0.4043 -0.7854 -1.0000
2 20 3.0686 5.2627 0.4261 -0.3927 -2.0000
2 21 2.8698 5.2231 0.4486 0.0000 -2.0000
2 22 2.6896 5.1363 0.4486 0.3927 -2.0000
2 23 2.5318 5.0092 0.4261 0.7854 -2.0000
2 24 2.3961 4.8490 0.3825 -0.7854 -2.0000
2 25 2.1865 4.8614 0.4261 -0.7854 -2.0000
2 26 1.9765 4.8647 0.4698 -0.3927 -2.0000
2 27 1.7797 4.8165 0.4923 0.0000 -2.0000
2 28 1.6034 4.7219 0.4923 -0.7854 -1.0000
2 29 1.4985 4.7178 0.5141 0.0000 -2.0000
2 30 1.3244 4.6194 0.5141 0.3927 -2.0000
2 31 1.1752 4.4822 0.4917 0.0000 -1.0000
2 32 1.0871 4.4350 0.4917 0.3927 1.0000
2 33 1.1620 4.5032 0.5029 0.0000 -1.0000
2 34 1.0744 4.4550 0.5029 0.7854 -2.0000
2 35 0.9514 4.2849 0.4592 -0.3927 -1.0000
2 36 0.8526 4.2624 0.4705 -0.7854 -2.0000
2 37 0.6427 4.2563 0.5141 0.3927 -1.0000
2 38 0.5685 4.1873 0.5029 0.0000 -2.0000
2 39 0.3933 4.0909 0.5029 0.0000 -2.0000
2 40 0.2180 3.9945 0.5029 0.3927 -2.0000
2 41 0.0673 3.8590 0.4804 0.7854 -2.0000
2 42 -0.0595 3.6917 0.4367 -0.7854 -2.0000
2 43 -0.2694 3.6927 0.4804 0.7854 -1.0000
2 44 -0.3319 3.6084 0.4586 0.7854 -1.0000
2 45 -0.3962 3.5254 0.4367 -0.3927 2.0000
2 46 -0.1970 3.5626 0.4143 0.3927 1.0000
2 47 -0.1170 3.6248 0.4255 0.3927 -2.0000
2 48 -0.2777 3.5013 0.4030 -0.7854 1.0000
2 49 -0.1730 3.4938 0.3812 0.0000 -2.0000
2 50 -0.3586 3.4194 0.3812 -0.7854 1.0000
2 51 -0.2541 3.4096 0.3593 -0.7854 -2.0000
2 52 -0.4634 3.4269 0.4030 -0.7854 -2.0000
2 53 -0.6731 3.4351 0.4467 0.7854 -2.0000
2 54 -0.8055 3.2721 0.4030 -0.3927 -2.0000
2 55 -1.0052 3.2372 0.4255 0.3927 1.0000
2 56 -0.9259 3.3002 0.4367 -0.3927 -2.0000
2 57 -1.1242 3.2586 0.4592 0.0000 -2.0000
2 58 -1.3035 3.1699 0.4592 0.3927 -2.0000
2 59 -1.4600 3.0411 0.4367 -0.3927 -1.0000
2 60 -1.5593 3.0208 0.4480 0.7854 -2.0000
2 61 -1.6914 2.8577 0.4043 -0.7854 1.0000
2 62 -1.5867 2.8503 0.3825 0.0000 -1.0000
2 63 -1.6795 2.8130 0.3825 0.7854 2.0000
2 64 -1.5438 2.9732 0.4261 0.0000 -1.0000
2 65 -1.6348 2.9318 0.4261 0.0000 -1.0000
2 66 -1.7259 2.8905 0.4261 0.3927 -1.0000
2 67 -1.8059 2.8283 0.4149 0.3927 -1.0000
2 68 -1.8865 2.7669 0.4037 -0.3927 1.0000
2 69 -1.7865 2.7828 0.3924 0.3927 -1.0000
2 70 -1.8685 2.7233 0.3812 -0.7854 1.0000
2 71 -1.7640 2.7135 0.3593 0.3927 -1.0000
2 72 -1.8479 2.6567 0.3481 0.7854 -1.0000
2 73 -1.9210 2.5814 0.3263 0.0000 0.0000
3 1 9.6000 3.1500 0.0000 -0.3927 -2.0000
3 2 9.4026 3.1961 0.0225 0.0000 -2.0000
3 3 9.2027 3.1916 0.0225 -0.7854 -1.0000
3 4 9.1073 3.2354 0.0443 -0.3927 -2.0000
3 5 8.9081 3.2727 0.0668 0.0000 1.0000
3 6 9.0078 3.2794 0.0668 -0.7854 -2.0000
3 7 8.8125 3.3563 0.1105 -0.7854 -2.0000
3 8 8.6139 3.4246 0.1542 -0.3927 -2.0000
3 9 8.4118 3.4399 0.1766 -0.3927 -2.0000
3 10 8.2094 3.4506 0.1991 -0.3927 -2.0000
3 11 8.0068 3.4568 0.2216 0.0000 -2.0000
3 12 7.8117 3.4128 0.2216 -0.7854 -1.0000
3 13 7.7095 3.4369 0.2434 0.7854 -2.0000
3 14 7.5470 3.3040 0.1998 0.3927 -2.0000
3 15 7.3627 3.2196 0.1773 0.7854 -2.0000
3 16 7.1917 3.0978 0.1336 -0.7854 -2.0000
3 17 6.9917 3.1615 0.1773 0.3927 -1.0000
3 18 6.8988 3.1209 0.1660 -0.7854 -1.0000
3 19 6.7981 3.1505 0.1879 0.0000 -2.0000
3 20 6.6016 3.1132 0.1879 -0.7854 -2.0000
3 21 6.3984 3.1659 0.2316 0.3927 -2.0000
3 22 6.2169 3.0757 0.2091 0.0000 -1.0000
3 23 6.1191 3.0550 0.2091 -0.3927 -2.0000
3 24 5.9164 3.0591 0.2316 0.7854 -2.0000
3 25 5.7523 2.9282 0.1879 -0.3927 -1.0000
3 26 5.6511 2.9330 0.1991 0.7854 -1.0000
3 27 5.5676 2.8693 0.1773 -0.7854 -2.0000
3 28 5.3650 2.9242 0.2210 -0.7854 -2.0000
3 29 5.1601 2.9702 0.2646 0.7854 -2.0000
3 30 5.0004 2.8339 0.2210 -0.7854 -2.0000
3 31 4.7956 2.8799 0.2646 0.0000 -2.0000
3 32 4.6026 2.8276 0.2646 -0.3927 -2.0000
3 33 4.4000 2.8205 0.2871 0.3927 -2.0000
3 34 4.2238 2.7204 0.2646 -0.3927 -2.0000
3 35 4.0212 2.7133 0.2871 0.3927 -2.0000
3 36 3.8450 2.6131 0.2646 -0.7854 -2.0000
3 37 3.6383 2.6501 0.3083 0.0000 -1.0000
3 38 3.5430 2.6198 0.3083 0.3927 -1.0000
3 39 3.4563 2.5674 0.2971 0.3927 -1.0000
3 40 3.3690 2.5160 0.2858 0.3927 -1.0000
3 41 3.2811 2.4655 0.2746 0.7854 -2.0000
3 42 3.1227 2.3277 0.2309 0.7854 -2.0000
3 43 2.9585 2.1968 0.1872 0.3927 -1.0000
3 44 2.8661 2.1553 0.1760 -0.7854 -2.0000
3 45 2.6635 2.2104 0.2197 0.3927 -1.0000
3 46 2.5725 2.1659 0.2084 0.7854 -1.0000
3 47 2.4896 2.1015 0.1866 0.7854 -1.0000
3 48 2.4054 2.0388 0.1647 0.0000 -2.0000
3 49 2.2081 2.0060 0.1647 -0.7854 -1.0000
3 50 2.1074 2.0358 0.1866 -0.3927 -1.0000
3 51 2.0062 2.0408 0.1978 -0.7854 -1.0000
3 52 1.9046 2.0672 0.2197 -0.3927 -1.0000
3 53 1.8033 2.0688 0.2309 0.3927 -2.0000
3 54 1.6217 1.9787 0.2084 0.7854 -2.0000
3 55 1.4546 1.8516 0.1647 0.3927 -1.0000
3 56 1.3612 1.8122 0.1535 0.3927 -1.0000
3 57 1.2675 1.7738 0.1423 0.7854 -1.0000
3 58 1.1805 1.7149 0.1204 0.7854 -1.0000
3 59 1.0923 1.6580 0.0986 0.0000 0.0000
4 1 7.3000 5.7500 0.0000 0.3927 -2.0000
4 2 7.1026 5.7039 -0.0225 0.0000 -2.0000
4 3 6.9027 5.7084 -0.0225 -0.7854 -1.0000
4 4 6.8093 5.7564 -0.0006 -0.7854 -2.0000
4 5 6.6196 5.8463 0.0430 0.0000 -2.0000
4 6 6.4198 5.8377 0.0430 -0.7854 -1.0000
4 7 6.3235 5.8795 0.0649 -0.3927 -1.0000
4 8 6.2236 5.8967 0.0761 -0.7854 -2.0000
4 9 6.0276 5.9718 0.1198 -0.7854 -2.0000
4 10 5.8284 6.0382 0.1635 0.3927 -2.0000
4 11 5.6412 5.9606 0.1410 -0.3927 -2.0000
4 12 5.4393 5.9785 0.1635 0.3927 -2.0000
4 13 5.2520 5.9009 0.1410 0.0000 -2.0000
4 14 5.0540 5.8728 0.1410 -0.7854 -2.0000
4 15 4.8535 5.9350 0.1846 0.3927 -2.0000
4 16 4.6680 5.8534 0.1622 -0.7854 -2.0000
4 17 4.4662 5.9114 0.2058 -0.7854 -2.0000
4 18 4.2620 5.9605 0.2495 0.0000 -1.0000
4 19 4.1651 5.9358 0.2495 0.7854 -2.0000
4 20 4.0034 5.8019 0.2058 0.3927 -1.0000
4 21 3.9117 5.7587 0.1946 -0.7854 -1.0000
4 22 3.8102 5.7855 0.2164 -0.7854 -2.0000
4 23 3.6056 5.8324 0.2601 -0.7854 -2.0000
4 24 3.3991 5.8703 0.3038 -0.7854 -2.0000
4 25 3.1912 5.8992 0.3475 -0.3927 -2.0000
4 26 2.9899 5.8754 0.3699 -0.7854 -2.0000
4 27 2.7805 5.8904 0.4136 0.0000 -2.0000
4 28 2.5973 5.8101 0.4136 -0.7854 -2.0000
4 29 2.3875 5.8160 0.4573 -0.3927 -1.0000
4 30 2.2886 5.7937 0.4685 -0.3927 -2.0000
4 31 2.0917 5.7457 0.4910 -0.3927 -2.0000
4 32 1.8959 5.6933 0.5135 -0.7854 -1.0000
4 33 1.7911 5.6869 0.5353 -0.7854 -2.0000
4 34 1.5821 5.6673 0.5790 0.0000 -2.0000
4 35 1.4147 5.5579 0.5790 0.3927 -2.0000
4 36 1.2747 5.4113 0.5565 0.0000 -2.0000
4 37 1.1049 5.3056 0.5565 -0.7854 -2.0000
4 38 0.8963 5.2816 0.6002 -0.7854 -1.0000
4 39 0.7925 5.2662 0.6220 0.0000 -2.0000
4 40 0.6300 5.1496 0.6220 -0.3927 -2.0000
4 41 0.4427 5.0721 0.6445 0.0000 -2.0000
4 42 0.2828 4.9520 0.6445 -0.3927 -1.0000
4 43 0.1898 4.9116 0.6558 0.3927 -1.0000
4 44 0.1261 4.8328 0.6445 -0.7854 -1.0000
4 45 0.0231 4.8128 0.6664 0.7854 -2.0000
4 46 -0.0706 4.6249 0.6227 -0.7854 -2.0000
4 47 -0.2772 4.5872 0.6664 -0.3927 -2.0000
4 48 -0.4608 4.5014 0.6888 -0.7854 -1.0000
4 49 -0.5629 4.4769 0.7107 -0.7854 -1.0000
4 50 -0.6644 4.4501 0.7325 0.7854 -1.0000
4 51 -0.7039 4.3528 0.7107 0.7854 -2.0000
4 52 -0.7892 4.1610 0.6670 0.0000 -1.0000
4 53 -0.8677 4.0991 0.6670 -0.7854 -2.0000
4 54 -1.0724 4.0522 0.7107 0.0000 1.0000
4 55 -0.9966 4.1174 0.7107 0.0000 -2.0000
4 56 -1.1482 3.9870 0.7107 -0.7854 -2.0000
4 57 -1.3506 3.9312 0.7543 0.0000 0.0000
5 1 10.1000 6.2100 0.0000 -0.3927 -2.0000
5 2 9.9026 6.2561 0.0225 -0.3927 -1.0000
5 3 9.8036 6.2775 0.0337 -0.7854 -2.0000
5 4 9.6109 6.3608 0.0774 0.0000 2.0000
5 5 9.8103 6.3763 0.0774 -0.7854 -2.0000
5 6 9.6141 6.4511 0.1211 -0.7854 -2.0000
5 7 9.4149 6.5173 0.1647 0.0000 2.0000
5 8 9.6122 6.5501 0.1647 -0.3927 2.0000
5 9 9.8141 6.5324 0.1423 0.7854 2.0000
