1 1 1.8566 5.1310 -1.1467 0.3927 -2.0000
1 2 1.7333 5.2919 -1.1692 -0.7854 -2.0000
2 1 -1.4607 3.7042 -2.3715 -0.7854 1.0000
2 2 -1.5611 3.6736 -2.3934 -0.7854 1.0000
2 3 -1.6622 3.6452 -2.4152 -0.3927 1.0000
2 4 -1.7521 3.5984 -2.4265 0.0000 1.0000
2 5 -1.8276 3.5329 -2.4265 0.0000 1.0000
2 6 -1.9031 3.4673 -2.4265 0.0000 1.0000
2 7 -1.9786 3.4017 -2.4265 0.0000 1.0000
2 8 -2.0541 3.3361 -2.4265 -0.3927 2.0000
2 9 -2.2354 3.2456 -2.4489 0.0000 2.0000
2 10 -2.3893 3.1179 -2.4489 -0.7854 -2.0000
2 11 -2.1860 3.1700 -2.4053 0.7854 1.0000
2 12 -2.2229 3.0717 -2.3834 0.3927 2.0000
2 13 -2.3307 2.9001 -2.3609 -0.7854 -2.0000
2 14 -2.1327 2.9699 -2.3173 0.0000 2.0000
2 15 -2.2685 2.8230 -2.3173 0.7854 2.0000
3 1 6.2488 4.3799 1.2366 -0.7854 -2.0000
3 2 6.1018 4.2300 1.2802 -0.7854 -2.0000
3 3 5.9614 4.0739 1.3239 -0.7854 -2.0000
4 1 0.3507 5.4831 -0.7044 0.0000 -2.0000
5 1 9.9653 4.0116 -1.1072 0.0000 0.0000
6 1 -7.7114 5.6067 2.5364 0.0000 2.0000
6 2 -7.8759 5.7205 2.5364 0.0000 2.0000
7 1 9.1607 5.0603 1.9832 0.0000 2.0000
7 2 9.0805 5.2435 1.9832 -0.3927 -1.0000
7 3 9.0984 5.1438 1.9945 0.7854 -2.0000
7 4 9.2583 5.0077 1.9508 0.3927 -1.0000
7 5 9.3167 4.9249 1.9396 0.0000 2.0000
7 6 9.2446 5.1115 1.9396 0.0000 2.0000
7 7 9.1726 5.2980 1.9396 -0.3927 -1.0000
7 8 9.1860 5.1976 1.9508 0.7854 -2.0000
7 9 9.3398 5.0546 1.9071 0.0000 -1.0000
7 10 9.3728 4.9602 1.9071 0.7854 -1.0000
7 11 9.4473 4.8863 1.8853 -0.7854 -2.0000
7 12 9.4207 4.6780 1.9290 -0.3927 -2.0000
7 13 9.4467 4.4770 1.9515 0.0000 -2.0000
7 14 9.5210 4.2913 1.9515 0.0000 -2.0000
7 15 9.5953 4.1056 1.9515 0.7854 -2.0000
8 1 6.1727 4.1915 -0.6561 -0.3927 -2.0000
8 2 6.0445 4.3485 -0.6336 0.7854 -2.0000
8 3 5.8384 4.3885 -0.6773 -0.7854 -2.0000
8 4 5.7468 4.5774 -0.6336 -0.7854 -2.0000
8 5 5.6470 4.7621 -0.5899 -0.7854 -2.0000
8 6 5.5392 4.9423 -0.5463 -0.3927 -2.0000
8 7 5.3945 5.0842 -0.5238 -0.3927 -2.0000
8 8 5.2467 5.2229 -0.5013 -0.7854 -2.0000
8 9 5.1234 5.3928 -0.4576 -0.7854 -2.0000
8 10 4.9928 5.5572 -0.4139 -0.7854 -2.0000
8 11 4.8551 5.7157 -0.3703 -0.7854 2.0000
8 12 4.9928 5.5572 -0.4139 -0.7854 -2.0000
8 13 4.8551 5.7157 -0.3703 -0.7854 2.0000
8 14 4.9928 5.5572 -0.4139 -0.7854 -2.0000
8 15 4.8551 5.7157 -0.3703 -0.7854 2.0000
8 16 4.9928 5.5572 -0.4139 -0.7854 -2.0000
8 17 4.8551 5.7157 -0.3703 -0.7854 2.0000
8 18 4.9928 5.5572 -0.4139 -0.7854 -2.0000
8 19 4.8551 5.7157 -0.3703 -0.7854 2.0000
8 20 4.9928 5.5572 -0.4139 -0.7854 -2.0000
8 21 4.8551 5.7157 -0.3703 -0.7854 2.0000
8 22 4.9928 5.5572 -0.4139 -0.7854 -2.0000
8 23 4.8551 5.7157 -0.3703 -0.7854 2.0000
8 24 4.9928 5.5572 -0.4139 -0.7854 -2.0000
8 25 4.8551 5.7157 -0.3703 -0.7854 2.0000
8 26 4.9928 5.5572 -0.4139 -0.7854 -2.0000
8 27 4.8551 5.7157 -0.3703 -0.7854 2.0000
8 28 4.9928 5.5572 -0.4139 -0.7854 -2.0000
8 29 4.8551 5.7157 -0.3703 -0.7854 2.0000
8 30 4.9928 5.5572 -0.4139 -0.7854 -2.0000
8 31 4.8551 5.7157 -0.3703 -0.7854 2.0000
8 32 4.9928 5.5572 -0.4139 -0.7854 -2.0000
8 33 4.8551 5.7157 -0.3703 -0.7854 2.0000
8 34 4.9928 5.5572 -0.4139 -0.7854 -2.0000
8 35 4.8551 5.7157 -0.3703 -0.7854 2.0000
8 36 4.9928 5.5572 -0.4139 -0.7854 -2.0000
8 37 4.8551 5.7157 -0.3703 -0.7854 2.0000
8 38 4.9928 5.5572 -0.4139 -0.7854 -2.0000
8 39 4.8551 5.7157 -0.3703 -0.7854 2.0000
8 40 4.9928 5.5572 -0.4139 -0.7854 -2.0000
8 41 4.8551 5.7157 -0.3703 -0.7854 2.0000
8 42 4.9928 5.5572 -0.4139 -0.7854 -2.0000
8 43 4.8551 5.7157 -0.3703 -0.7854 2.0000
8 44 4.9928 5.5572 -0.4139 -0.7854 -2.0000
8 45 4.8551 5.7157 -0.3703 -0.7854 2.0000
8 46 4.9928 5.5572 -0.4139 -0.7854 -2.0000
8 47 4.8551 5.7157 -0.3703 -0.7854 2.0000
8 48 4.9928 5.5572 -0.4139 -0.7854 -2.0000
8 49 4.8551 5.7157 -0.3703 -0.7854 2.0000
8 50 4.9928 5.5572 -0.4139 -0.7854 -2.0000
8 51 4.8551 5.7157 -0.3703 -0.7854 2.0000
8 52 4.9928 5.5572 -0.4139 -0.7854 -2.0000
8 53 4.8551 5.7157 -0.3703 -0.7854 2.0000
8 54 4.9928 5.5572 -0.4139 -0.7854 -2.0000
8 55 4.8551 5.7157 -0.3703 -0.7854 2.0000
8 56 4.9928 5.5572 -0.4139 -0.7854 -2.0000
8 57 4.8551 5.7157 -0.3703 -0.7854 2.0000
8 58 4.9928 5.5572 -0.4139 -0.7854 -2.0000
8 59 4.8551 5.7157 -0.3703 -0.7854 2.0000
8 60 4.9928 5.5572 -0.4139 -0.7854 -2.0000
8 61 4.8551 5.7157 -0.3703 -0.7854 2.0000
8 62 4.9928 5.5572 -0.4139 -0.7854 -2.0000
8 63 4.8551 5.7157 -0.3703 -0.7854 2.0000
8 64 4.9928 5.5572 -0.4139 -0.7854 -2.0000
8 65 4.8551 5.7157 -0.3703 -0.7854 2.0000
8 66 4.9928 5.5572 -0.4139 -0.7854 -2.0000
8 67 4.8551 5.7157 -0.3703 -0.7854 2.0000
8 68 4.9928 5.5572 -0.4139 -0.7854 -2.0000
8 69 4.8551 5.7157 -0.3703 -0.7854 2.0000
8 70 4.9928 5.5572 -0.4139 -0.7854 -2.0000
8 71 4.8551 5.7157 -0.3703 -0.7854 2.0000
8 72 4.9928 5.5572 -0.4139 -0.7854 -2.0000
8 73 4.8551 5.7157 -0.3703 -0.7854 2.0000
8 74 4.9928 5.5572 -0.4139 -0.7854 -2.0000
8 75 4.8551 5.7157 -0.3703 -0.7854 2.0000
8 76 4.9928 5.5572 -0.4139 -0.7854 -2.0000
8 77 4.8551 5.7157 -0.3703 -0.7854 2.0000
8 78 4.9928 5.5572 -0.4139 -0.7854 -2.0000
8 79 4.8551 5.7157 -0.3703 -0.7854 2.0000
8 80 4.9928 5.5572 -0.4139 -0.7854 -2.0000
8 81 4.8551 5.7157 -0.3703 -0.7854 2.0000
8 82 4.9928 5.5572 -0.4139 -0.7854 -2.0000
8 83 4.8551 5.7157 -0.3703 -0.7854 2.0000
8 84 4.9928 5.5572 -0.4139 -0.7854 -2.0000
8 85 4.8551 5.7157 -0.3703 -0.7854 2.0000
8 86 4.9928 5.5572 -0.4139 -0.7854 -2.0000
8 87 4.8551 5.7157 -0.3703 -0.7854 2.0000
8 88 4.9928 5.5572 -0.4139 -0.7854 -2.0000
8 89 4.8551 5.7157 -0.3703 -0.7854 2.0000
8 90 4.9928 5.5572 -0.4139 -0.7854 -2.0000
8 91 4.8551 5.7157 -0.3703 -0.7854 2.0000
8 92 4.9928 5.5572 -0.4139 -0.7854 -2.0000
8 93 4.8551 5.7157 -0.3703 -0.7854 2.0000
8 94 4.9928 5.5572 -0.4139 -0.7854 -2.0000
8 95 4.8551 5.7157 -0.3703 -0.7854 2.0000
8 96 4.9928 5.5572 -0.4139 -0.7854 -2.0000
8 97 4.8551 5.7157 -0.3703 -0.7854 2.0000
8 98 4.9928 5.5572 -0.4139 -0.7854 -2.0000
8 99 4.8551 5.7157 -0.3703 -0.7854 2.0000
8 100 4.9928 5.5572 -0.4139 -0.7854 -2.0000
8 101 4.8551 5.7157 -0.3703 -0.7854 2.0000
8 102 4.9928 5.5572 -0.4139 -0.7854 -2.0000
8 103 4.8551 5.7157 -0.3703 -0.7854 2.0000
8 104 4.9928 5.5572 -0.4139 -0.7854 -2.0000
8 105 4.8551 5.7157 -0.3703 -0.7854 2.0000
8 106 4.9928 5.5572 -0.4139 -0.7854 -2.0000
8 107 4.8551 5.7157 -0.3703 -0.7854 2.0000
8 108 4.9928 5.5572 -0.4139 -0.7854 -2.0000
8 109 4.8551 5.7157 -0.3703 -0.7854 2.0000
8 110 4.9928 5.5572 -0.4139 -0.7854 -2.0000
8 111 4.8551 5.7157 -0.3703 -0.7854 2.0000
8 112 4.9928 5.5572 -0.4139 -0.7854 -2.0000
8 113 4.8551 5.7157 -0.3703 -0.7854 2.0000
8 114 4.9928 5.5572 -0.4139 -0.7854 -2.0000
8 115 4.8551 5.7157 -0.3703 -0.7854 2.0000
8 116 4.9928 5.5572 -0.4139 -0.7854 -2.0000
8 117 4.8551 5.7157 -0.3703 -0.7854 2.0000
8 118 4.9928 5.5572 -0.4139 -0.7854 -2.0000
8 119 4.8551 5.7157 -0.3703 -0.7854 2.0000
8 120 4.9928 5.5572 -0.4139 -0.7854 -2.0000
8 121 4.8551 5.7157 -0.3703 -0.7854 2.0000
8 122 4.9928 5.5572 -0.4139 -0.7854 -2.0000
8 123 4.8551 5.7157 -0.3703 -0.7854 2.0000
8 124 4.9928 5.5572 -0.4139 -0.7854 -2.0000
8 125 4.8551 5.7157 -0.3703 -0.7854 2.0000
8 126 4.9928 5.5572 -0.4139 -0.7854 -2.0000
8 127 4.8551 5.7157 -0.3703 -0.7854 2.0000
8 128 4.9928 5.5572 -0.4139 -0.7854 -2.0000
8 129 4.8551 5.7157 -0.3703 -0.7854 2.0000
8 130 4.9928 5.5572 -0.4139 -0.7854 -2.0000
8 131 4.8551 5.7157 -0.3703 -0.7854 2.0000
8 132 4.9928 5.5572 -0.4139 -0.7854 -2.0000
8 133 4.8551 5.7157 -0.3703 -0.7854 2.0000
8 134 4.9928 5.5572 -0.4139 -0.7854 -2.0000
8 135 4.8551 5.7157 -0.3703 -0.7854 2.0000
8 136 4.9928 5.5572 -0.4139 -0.7854 -2.0000
8 137 4.8551 5.7157 -0.3703 -0.7854 2.0000
8 138 4.9928 5.5572 -0.4139 -0.7854 -2.0000
8 139 4.8551 5.7157 -0.3703 -0.7854 2.0000
8 140 4.9928 5.5572 -0.4139 -0.7854 -2.0000
8 141 4.8551 5.7157 -0.3703 -0.7854 2.0000
8 142 4.9928 5.5572 -0.4139 -0.7854 -2.0000
8 143 4.8551 5.7157 -0.3703 -0.7854 2.0000
8 144 4.9928 5.5572 -0.4139 -0.7854 -2.0000
8 145 4.8551 5.7157 -0.3703 -0.7854 2.0000
8 146 4.9928 5.5572 -0.4139 -0.7854 -2.0000
8 147 4.8551 5.7157 -0.3703 -0.7854 2.0000
8 148 4.9928 5.5572 -0.4139 -0.7854 -2.0000
8 149 4.8551 5.7157 -0.3703 -0.7854 2.0000
8 150 4.9928 5.5572 -0.4139 -0.7854 -2.0000
8 151 4.8551 5.7157 -0.3703 -0.7854 2.0000
8 152 4.9928 5.5572 -0.4139 -0.7854 -2.0000
8 153 4.8551 5.7157 -0.3703 -0.7854 2.0000
8 154 4.9928 5.5572 -0.4139 -0.7854 -2.0000
8 155 4.8551 5.7157 -0.3703 -0.7854 2.0000
8 156 4.9928 5.5572 -0.4139 -0.7854 -2.0000
8 157 4.8551 5.7157 -0.3703 -0.7854 2.0000
8 158 4.9928 5.5572 -0.4139 -0.7854 -2.0000
8 159 4.8551 5.7157 -0.3703 -0.7854 2.0000
8 160 4.9928 5.5572 -0.4139 -0.7854 -2.0000
8 161 4.8551 5.7157 -0.3703 -0.7854 2.0000
8 162 4.9928 5.5572 -0.4139 -0.7854 -2.0000
8 163 4.8551 5.7157 -0.3703 -0.7854 2.0000
8 164 4.9928 5.5572 -0.4139 -0.7854 -2.0000
8 165 4.8551 5.7157 -0.3703 -0.7854 2.0000
8 166 4.9928 5.5572 -0.4139 -0.7854 -2.0000
8 167 4.8551 5.7157 -0.3703 -0.7854 2.0000
8 168 4.9928 5.5572 -0.4139 -0.7854 -2.0000
8 169 4.8551 5.7157 -0.3703 -0.7854 2.0000
8 170 4.9928 5.5572 -0.4139 -0.7854 -2.0000
8 171 4.8551 5.7157 -0.3703 -0.7854 2.0000
8 172 4.9928 5.5572 -0.4139 -0.7854 -2.0000
8 173 4.8551 5.7157 -0.3703 -0.7854 2.0000
8 174 4.9928 5.5572 -0.4139 -0.7854 -2.0000
8 175 4.8551 5.7157 -0.3703 -0.7854 2.0000
8 176 4.9928 5.5572 -0.4139 -0.7854 -2.0000
8 177 4.8551 5.7157 -0.3703 -0.7854 2.0000
8 178 4.9928 5.5572 -0.4139 -0.7854 -2.0000
8 179 4.8551 5.7157 -0.3703 -0.7854 2.0000
8 180 4.9928 5.5572 -0.4139 -0.7854 -2.0000
8 181 4.8551 5.7157 -0.3703 -0.7854 2.0000
8 182 4.9928 5.5572 -0.4139 -0.7854 -2.0000
8 183 4.8551 5.7157 -0.3703 -0.7854 2.0000
8 184 4.9928 5.5572 -0.4139 -0.7854 -2.0000
8 185 4.8551 5.7157 -0.3703 -0.7854 2.0000
8 186 4.9928 5.5572 -0.4139 -0.7854 -2.0000
8 187 4.8551 5.7157 -0.3703 -0.7854 2.0000
8 188 4.9928 5.5572 -0.4139 -0.7854 -2.0000
8 189 4.8551 5.7157 -0.3703 -0.7854 2.0000
8 190 4.9928 5.5572 -0.4139 -0.7854 -2.0000
8 191 4.8551 5.7157 -0.3703 -0.7854 2.0000
8 192 4.9928 5.5572 -0.4139 -0.7854 -2.0000
8 193 4.8551 5.7157 -0.3703 -0.7854 2.0000
8 194 4.9928 5.5572 -0.4139 -0.7854 -2.0000
8 195 4.8551 5.7157 -0.3703 -0.7854 2.0000
8 196 4.9928 5.5572 -0.4139 -0.7854 -2.0000
8 197 4.8551 5.7157 -0.3703 -0.7854 2.0000
8 198 4.9928 5.5572 -0.4139 -0.7854 -2.0000
8 199 4.8551 5.7157 -0.3703 -0.7854 2.0000
8 200 4.9928 5.5572 -0.4139 -0.7854 -2.0000
8 201 4.8551 5.7157 -0.3703 -0.7854 2.0000
8 202 4.9928 5.5572 -0.4139 -0.7854 -2.0000
8 203 4.8551 5.7157 -0.3703 -0.7854 2.0000
8 204 4.9928 5.5572 -0.4139 -0.7854 -2.0000
8 205 4.8551 5.7157 -0.3703 -0.7854 2.0000
8 206 4.9928 5.5572 -0.4139 -0.7854 -2.0000
8 207 4.8551 5.7157 -0.3703 -0.7854 2.0000
8 208 4.9928 5.5572 -0.4139 -0.7854 -2.0000
8 209 4.8551 5.7157 -0.3703 -0.7854 2.0000
8 210 4.9928 5.5572 -0.4139 -0.7854 -2.0000
8 211 4.8551 5.7157 -0.3703 -0.7854 2.0000
8 212 4.9928 5.5572 -0.4139 -0.7854 -2.0000
8 213 4.8551 5.7157 -0.3703 -0.7854 2.0000
8 214 4.9928 5.5572 -0.4139 -0.7854 -2.0000
8 215 4.8551 5.7157 -0.3703 -0.7854 2.0000
8 216 4.9928 5.5572 -0.4139 -0.7854 -2.0000
8 217 4.8551 5.7157 -0.3703 -0.7854 2.0000
8 218 4.9928 5.5572 -0.4139 -0.7854 -2.0000
8 219 4.8551 5.7157 -0.3703 -0.7854 2.0000
8 220 4.9928 5.5572 -0.4139 -0.7854 -2.0000
8 221 4.8551 5.7157 -0.3703 -0.7854 2.0000
8 222 4.9928 5.5572 -0.4139 -0.7854 -2.0000
8 223 4.8551 5.7157 -0.3703 -0.7854 2.0000
8 224 4.9928 5.5572 -0.4139 -0.7854 -2.0000
8 225 4.8551 5.7157 -0.3703 -0.7854 2.0000
8 226 4.9928 5.5572 -0.4139 -0.7854 -2.0000
8 227 4.8551 5.7157 -0.3703 -0.7854 2.0000
8 228 4.9928 5.5572 -0.4139 -0.7854 -2.0000
8 229 4.8551 5.7157 -0.3703 -0.7854 2.0000
8 230 4.9928 5.5572 -0.4139 -0.7854 -2.0000
8 231 4.8551 5.7157 -0.3703 -0.7854 2.0000
8 232 4.9928 5.5572 -0.4139 -0.7854 -2.0000
8 233 4.8551 5.7157 -0.3703 -0.7854 2.0000
8 234 4.9928 5.5572 -0.4139 -0.7854 -2.0000
8 235 4.8551 5.7157 -0.3703 -0.7854 2.0000
8 236 4.9928 5.5572 -0.4139 -0.7854 -2.0000
8 237 4.8551 5.7157 -0.3703 -0.7854 2.0000
8 238 4.9928 5.5572 -0.4139 -0.7854 -2.0000
8 239 4.8551 5.7157 -0.3703 -0.7854 2.0000
8 240 4.9928 5.5572 -0.4139 -0.7854 -2.0000
8 241 4.8551 5.7157 -0.3703 -0.7854 2.0000
8 242 4.9928 5.5572 -0.4139 -0.7854 -2.0000
8 243 4.8551 5.7157 -0.3703 -0.7854 2.0000
8 244 4.9928 5.5572 -0.4139 -0.7854 -2.0000
8 245 4.8551 5.7157 -0.3703 -0.7854 2.0000
8 246 4.9928 5.5572 -0.4139 -0.7854 -2.0000
8 247 4.8551 5.7157 -0.3703 -0.7854 2.0000
8 248 4.9928 5.5572 -0.4139 -0.7854 -2.0000
8 249 4.8551 5.7157 -0.3703 -0.7854 2.0000
8 250 4.9928 5.5572 -0.4139 -0.7854 -2.0000
8 251 4.8551 5.7157 -0.3703 -0.7854 2.0000
8 252 4.9928 5.5572 -0.4139 -0.7854 -2.0000
8 253 4.8551 5.7157 -0.3703 -0.7854 2.0000
8 254 4.9928 5.5572 -0.4139 -0.7854 -2.0000
8 255 4.8551 5.7157 -0.3703 -0.7854 2.0000
8 256 4.9928 5.5572 -0.4139 -0.7854 -2.0000
8 257 4.8551 5.7157 -0.3703 -0.7854 2.0000
8 258 4.9928 5.5572 -0.4139 -0.7854 -2.0000
8 259 4.8551 5.7157 -0.3703 -0.7854 2.0000
8 260 4.9928 5.5572 -0.4139 -0.7854 -2.0000
8 261 4.8551 5.7157 -0.3703 -0.7854 2.0000
8 262 4.9928 5.5572 -0.4139 -0.7854 -2.0000
8 263 4.8551 5.7157 -0.3703 -0.7854 2.0000
8 264 4.9928 5.5572 -0.4139 -0.7854 -2.0000
8 265 4.8551 5.7157 -0.3703 -0.7854 2.0000
8 266 4.9928 5.5572 -0.4139 -0.7854 -2.0000
8 267 4.8551 5.7157 -0.3703 -0.7854 2.0000
8 268 4.9928 5.5572 -0.4139 -0.7854 -2.0000
8 269 4.8551 5.7157 -0.3703 -0.7854 2.0000
8 270 4.9928 5.5572 -0.4139 -0.7854 -2.0000
8 271 4.8551 5.7157 -0.3703 -0.7854 2.0000
8 272 4.9928 5.5572 -0.4139 -0.7854 -2.0000
8 273 4.8551 5.7157 -0.3703 -0.7854 2.0000
8 274 4.9928 5.5572 -0.4139 -0.7854 -2.0000
8 275 4.8551 5.7157 -0.3703 -0.7854 2.0000
8 276 4.9928 5.5572 -0.4139 -0.7854 -2.0000
8 277 4.8551 5.7157 -0.3703 -0.7854 2.0000
8 278 4.9928 5.5572 -0.4139 -0.7854 -2.0000
8 279 4.8551 5.7157 -0.3703 -0.7854 2.0000
8 280 4.9928 5.5572 -0.4139 -0.7854 -2.0000
8 281 4.8551 5.7157 -0.3703 -0.7854 2.0000
8 282 4.9928 5.5572 -0.4139 -0.7854 -2.0000
8 283 4.8551 5.7157 -0.3703 -0.7854 2.0000
8 284 4.9928 5.5572 -0.4139 -0.7854 -2.0000
8 285 4.8551 5.7157 -0.3703 -0.7854 2.0000
8 286 4.9928 5.5572 -0.4139 -0.7854 -2.0000
8 287 4.8551 5.7157 -0.3703 -0.7854 2.0000
8 288 4.9928 5.5572 -0.4139 -0.7854 -2.0000
8 289 4.8551 5.7157 -0.3703 -0.7854 2.0000
8 290 4.9928 5.5572 -0.4139 -0.7854 -2.0000
8 291 4.8551 5.7157 -0.3703 -0.7854 2.0000
8 292 4.9928 5.5572 -0.4139 -0.7854 -2.0000
8 293 4.8551 5.7157 -0.3703 -0.7854 2.0000
8 294 4.9928 5.5572 -0.4139 -0.7854 -2.0000
8 295 4.8551 5.7157 -0.3703 -0.7854 2.0000
8 296 4.9928 5.5572 -0.4139 -0.7854 -2.0000
8 297 4.8551 5.7157 -0.3703 -0.7854 2.0000
8 298 4.9928 5.5572 -0.4139 -0.7854 -2.0000
8 299 4.8551 5.7157 -0.3703 -0.7854 2.0000
8 300 4.9928 5.5572 -0.4139 -0.7854 -2.0000
8 301 4.8551 5.7157 -0.3703 -0.7854 2.0000
8 302 4.9928 5.5572 -0.4139 -0.7854 -2.0000
8 303 4.8551 5.7157 -0.3703 -0.7854 2.0000
8 304 4.9928 5.5572 -0.4139 -0.7854 -2.0000
8 305 4.8551 5.7157 -0.3703 -0.7854 2.0000
8 306 4.9928 5.5572 -0.4139 -0.7854 -2.0000
8 307 4.8551 5.7157 -0.3703 -0.7854 2.0000
8 308 4.9928 5.5572 -0.4139 -0.7854 -2.0000
8 309 4.8551 5.7157 -0.3703 -0.7854 2.0000
8 310 4.9928 5.5572 -0.4139 -0.7854 -2.0000
8 311 4.8551 5.7157 -0.3703 -0.7854 2.0000
8 312 4.9928 5.5572 -0.4139 -0.7854 -2.0000
8 313 4.8551 5.7157 -0.3703 -0.7854 2.0000
8 314 4.9928 5.5572 -0.4139 -0.7854 -2.0000
8 315 4.8551 5.7157 -0.3703 -0.7854 2.0000
8 316 4.9928 5.5572 -0.4139 -0.7854 -2.0000
8 317 4.8551 5.7157 -0.3703 -0.7854 2.0000
8 318 4.9928 5.5572 -0.4139 -0.7854 -2.0000
8 319 4.8551 5.7157 -0.3703 -0.7854 2.0000
8 320 4.9928 5.5572 -0.4139 -0.7854 -2.0000
8 321 4.8551 5.7157 -0.3703 -0.7854 2.0000
8 322 4.9928 5.5572 -0.4139 -0.7854 -2.0000
8 323 4.8551 5.7157 -0.3703 -0.7854 2.0000
8 324 4.9928 5.5572 -0.4139 -0.7854 -2.0000
8 325 4.8551 5.7157 -0.3703 -0.7854 2.0000
8 326 4.9928 5.5572 -0.4139 -0.7854 -2.0000
8 327 4.8551 5.7157 -0.3703 -0.7854 2.0000
8 328 4.9928 5.5572 -0.4139 -0.7854 -2.0000
8 329 4.8551 5.7157 -0.3703 -0.7854 2.0000
8 330 4.9928 5.5572 -0.4139 -0.7854 -2.0000
8 331 4.8551 5.7157 -0.3703 -0.7854 2.0000
8 332 4.9928 5.5572 -0.4139 -0.7854 -2.0000
8 333 4.8551 5.7157 -0.3703 -0.7854 2.0000
8 334 4.9928 5.5572 -0.4139 -0.7854 -2.0000
8 335 4.8551 5.7157 -0.3703 -0.7854 2.0000
8 336 4.9928 5.5572 -0.4139 -0.7854 -2.0000
8 337 4.8551 5.7157 -0.3703 -0.7854 2.0000
8 338 4.9928 5.5572 -0.4139 -0.7854 -2.0000
8 339 4.8551 5.7157 -0.3703 -0.7854 2.0000
8 340 4.9928 5.5572 -0.4139 -0.7854 -2.0000
8 341 4.8551 5.7157 -0.3703 -0.7854 2.0000
8 342 4.9928 5.5572 -0.4139 -0.7854 -2.0000
8 343 4.8551 5.7157 -0.3703 -0.7854 2.0000
8 344 4.9928 5.5572 -0.4139 -0.7854 -2.0000
8 345 4.8551 5.7157 -0.3703 -0.7854 2.0000
8 346 4.9928 5.5572 -0.4139 -0.7854 -2.0000
8 347 4.8551 5.7157 -0.3703 -0.7854 2.0000
8 348 4.9928 5.5572 -0.4139 -0.7854 -2.0000
8 349 4.8551 5.7157 -0.3703 -0.7854 2.0000
8 350 4.9928 5.5572 -0.4139 -0.7854 -2.0000
8 351 4.8551 5.7157 -0.3703 -0.7854 2.0000
8 352 4.9928 5.5572 -0.4139 -0.7854 -2.0000
8 353 4.8551 5.7157 -0.3703 -0.7854 2.0000
8 354 4.9928 5.5572 -0.4139 -0.7854 -2.0000
8 355 4.8551 5.7157 -0.3703 -0.7854 2.0000
8 356 4.9928 5.5572 -0.4139 -0.7854 -2.0000
8 357 4.8551 5.7157 -0.3703 -0.7854 2.0000
8 358 4.9928 5.5572 -0.4139 -0.7854 -2.0000
8 359 4.8551 5.7157 -0.3703 -0.7854 2.0000
8 360 4.9928 5.5572 -0.4139 -0.7854 -2.0000
8 361 4.8551 5.7157 -0.3703 -0.7854 2.0000
8 362 4.9928 5.5572 -0.4139 -0.7854 -2.0000
8 363 4.8551 5.7157 -0.3703 -0.7854 2.0000
8 364 4.9928 5.5572 -0.4139 -0.7854 -2.0000
8 365 4.8551 5.7157 -0.3703 -0.7854 2.0000
8 366 4.9928 5.5572 -0.4139 -0.7854 -2.0000
8 367 4.8551 5.7157 -0.3703 -0.7854 2.0000
8 368 4.9928 5.5572 -0.4139 -0.7854 -2.0000
8 369 4.8551 5.7157 -0.3703 -0.7854 2.0000
8 370 4.9928 5.5572 -0.4139 -0.7854 -2.0000
8 371 4.8551 5.7157 -0.3703 -0.7854 2.0000
8 372 4.9928 5.5572 -0.4139 -0.7854 -2.0000
8 373 4.8551 5.7157 -0.3703 -0.7854 2.0000
8 374 4.9928 5.5572 -0.4139 -0.7854 -2.0000
8 375 4.8551 5.7157 -0.3703 -0.7854 2.0000
8 376 4.9928 5.5572 -0.4139 -0.7854 -2.0000
8 377 4.8551 5.7157 -0.3703 -0.7854 2.0000
8 378 4.9928 5.5572 -0.4139 -0.7854 -2.0000
8 379 4.8551 5.7157 -0.3703 -0.7854 2.0000
8 380 4.9928 5.5572 -0.4139 -0.7854 -2.0000
8 381 4.8551 5.7157 -0.3703 -0.7854 2.0000
8 382 4.9928 5.5572 -0.4139 -0.7854 -2.0000
8 383 4.8551 5.7157 -0.3703 -0.7854 2.0000
8 384 4.9928 5.5572 -0.4139 -0.7854 -2.0000
8 385 4.8551 5.7157 -0.3703 -0.7854 2.0000
8 386 4.9928 5.5572 -0.4139 -0.7854 -2.0000
8 387 4.8551 5.7157 -0.3703 -0.7854 2.0000
8 388 4.9928 5.5572 -0.4139 -0.7854 -2.0000
8 389 4.8551 5.7157 -0.3703 -0.7854 2.0000
8 390 4.9928 5.5572 -0.4139 -0.7854 -2.0000
8 391 4.8551 5.7157 -0.3703 -0.7854 2.0000
8 392 4.9928 5.5572 -0.4139 -0.7854 -2.0000
8 393 4.8551 5.7157 -0.3703 -0.7854 2.0000
8 394 4.9928 5.5572 -0.4139 -0.7854 -2.0000
8 395 4.8551 5.7157 -0.3703 -0.7854 2.0000
8 396 4.9928 5.5572 -0.4139 -0.7854 -2.0000
8 397 4.8551 5.7157 -0.3703 -0.7854 2.0000
8 398 4.9928 5.5572 -0.4139 -0.7854 -2.0000
8 399 4.8551 5.7157 -0.3703 -0.7854 2.0000
8 400 4.9928 5.5572 -0.4139 -0.7854 -2.0000
8 401 4.8551 5.7157 -0.3703 -0.7854 2.0000
8 402 4.9928 5.5572 -0.4139 -0.7854 -2.0000
8 403 4.8551 5.7157 -0.3703 -0.7854 2.0000
8 404 4.9928 5.5572 -0.4139 -0.7854 -2.0000
8 405 4.8551 5.7157 -0.3703 -0.7854 2.0000
8 406 4.9928 5.5572 -0.4139 -0.7854 -2.0000
8 407 4.8551 5.7157 -0.3703 -0.7854 2.0000
8 408 4.9928 5.5572 -0.4139 -0.7854 -2.0000
8 409 4.8551 5.7157 -0.3703 -0.7854 2.0000
8 410 4.9928 5.5572 -0.4139 -0.7854 -2.0000
8 411 4.8551 5.7157 -0.3703 -0.7854 2.0000
8 412 4.9928 5.5572 -0.4139 -0.7854 -2.0000
8 413 4.8551 5.7157 -0.3703 -0.7854 2.0000
8 414 4.9928 5.5572 -0.4139 -0.7854 -2.0000
8 415 4.8551 5.7157 -0.3703 -0.7854 2.0000
8 416 4.9928 5.5572 -0.4139 -0.7854 -2.0000
8 417 4.8551 5.7157 -0.3703 -0.7854 2.0000
8 418 4.9928 5.5572 -0.4139 -0.7854 -2.0000
8 419 4.8551 5.7157 -0.3703 -0.7854 2.0000
8 420 4.9928 5.5572 -0.4139 -0.7854 -2.0000
8 421 4.8551 5.7157 -0.3703 -0.7854 2.0000
8 422 4.9928 5.5572 -0.4139 -0.7854 -2.0000
8 423 4.8551 5.7157 -0.3703 -0.7854 2.0000
8 424 4.9928 5.5572 -0.4139 -0.7854 -2.0000
8 425 4.8551 5.7157 -0.3703 -0.7854 2.0000
8 426 4.9928 5.5572 -0.4139 -0.7854 -2.0000
8 427 4.8551 5.7157 -0.3703 -0.7854 2.0000
8 428 4.9928 5.5572 -0.4139 -0.7854 -2.0000
8 429 4.8551 5.7157 -0.3703 -0.7854 2.0000
8 430 4.9928 5.5572 -0.4139 -0.7854 -2.0000
8 431 4.8551 5.7157 -0.3703 -0.7854 2.0000
8 432 4.9928 5.5572 -0.4139 -0.7854 -2.0000
8 433 4.8551 5.7157 -0.3703 -0.7854 2.0000
8 434 4.9928 5.5572 -0.4139 -0.7854 -2.0000
8 435 4.8551 5.7157 -0.3703 -0.7854 2.0000
8 436 4.9928 5.5572 -0.4139 -0.7854 -2.0000
8 437 4.8551 5.7157 -0.3703 -0.7854 2.0000
8 438 4.9928 5.5572 -0.4139 -0.7854 -2.0000
8 439 4.8551 5.7157 -0.3703 -0.7854 2.0000
8 440 4.9928 5.5572 -0.4139 -0.7854 -2.0000
8 441 4.8551 5.7157 -0.3703 -0.7854 2.0000
8 442 4.9928 5.5572 -0.4139 -0.7854 -2.0000
8 443 4.8551 5.7157 -0.3703 -0.7854 2.0000
8 444 4.9928 5.5572 -0.4139 -0.7854 -2.0000
8 445 4.8551 5.7157 -0.3703 -0.7854 2.0000
8 446 4.9928 5.5572 -0.4139 -0.7854 -2.0000
8 447 4.8551 5.7157 -0.3703 -0.7854 2.0000
8 448 4.9928 5.5572 -0.4139 -0.7854 -2.0000
8 449 4.8551 5.7157 -0.3703 -0.7854 2.0000
8 450 4.9928 5.5572 -0.4139 -0.7854 -2.0000
8 451 4.8551 5.7157 -0.3703 -0.7854 2.0000
8 452 4.9928 5.5572 -0.4139 -0.7854 -2.0000
8 453 4.8551 5.7157 -0.3703 -0.7854 2.0000
8 454 4.9928 5.5572 -0.4139 -0.7854 -2.0000
8 455 4.8551 5.7157 -0.3703 -0.7854 2.0000
8 456 4.9928 5.5572 -0.4139 -0.7854 -2.0000
8 457 4.8551 5.7157 -0.3703 -0.7854 2.0000
8 458 4.9928 5.5572 -0.4139 -0.7854 -2.0000
8 459 4.8551 5.7157 -0.3703 -0.7854 2.0000
8 460 4.9928 5.5572 -0.4139 -0.7854 -2.0000
8 461 4.8551 5.7157 -0.3703 -0.7854 2.0000
8 462 4.9928 5.5572 -0.4139 -0.7854 -2.0000
8 463 4.8551 5.7157 -0.3703 -0.7854 2.0000
8 464 4.9928 5.5572 -0.4139 -0.7854 -2.0000
8 465 4.8551 5.7157 -0.3703 -0.7854 2.0000
8 466 4.9928 5.5572 -0.4139 -0.7854 -2.0000
8 467 4.8551 5.7157 -0.3703 -0.7854 2.0000
8 468 4.9928 5.5572 -0.4139 -0.7854 -2.0000
8 469 4.8551 5.7157 -0.3703 -0.7854 2.0000
8 470 4.9928 5.5572 -0.4139 -0.7854 -2.0000
8 471 4.8551 5.7157 -0.3703 -0.7854 2.0000
8 472 4.9928 5.5572 -0.4139 -0.7854 -2.0000
8 473 4.8551 5.7157 -0.3703 -0.7854 2.0000
8 474 4.9928 5.5572 -0.4139 -0.7854 -2.0000
8 475 4.8551 5.7157 -0.3703 -0.7854 2.0000
8 476 4.9928 5.5572 -0.4139 -0.7854 -2.0000
8 477 4.8551 5.7157 -0.3703 -0.7854 2.0000
8 478 4.9928 5.5572 -0.4139 -0.7854 -2.0000
8 479 4.8551 5.7157 -0.3703 -0.7854 2.0000
8 480 4.9928 5.5572 -0.4139 -0.7854 -2.0000
8 481 4.8551 5.7157 -0.3703 -0.7854 2.0000
8 482 4.9928 5.5572 -0.4139 -0.7854 -2.0000
8 483 4.8551 5.7157 -0.3703 -0.7854 2.0000
8 484 4.9928 5.5572 -0.4139 -0.7854 -2.0000
8 485 4.8551 5.7157 -0.3703 -0.7854 2.0000
8 486 4.9928 5.5572 -0.4139 -0.7854 -2.0000
8 487 4.8551 5.7157 -0.3703 -0.7854 2.0000
8 488 4.9928 5.5572 -0.4139 -0.7854 -2.0000
8 489 4.8551 5.7157 -0.3703 -0.7854 2.0000
8 490 4.9928 5.5572 -0.4139 -0.7854 -2.0000
8 491 4.8551 5.7157 -0.3703 -0.7854 2.0000
8 492 4.9928 5.5572 -0.4139 -0.7854 -2.0000
8 493 4.8551 5.7157 -0.3703 -0.7854 2.0000
8 494 4.9928 5.5572 -0.4139 -0.7854 -2.0000
8 495 4.8551 5.7157 -0.3703 -0.7854 2.0000
8 496 4.9928 5.5572 -0.4139 -0.7854 -2.0000
8 497 4.8551 5.7157 -0.3703 -0.7854 2.0000
8 498 4.9928 5.5572 -0.4139 -0.7854 -2.0000
8 499 4.8551 5.7157 -0.3703 -0.7854 2.0000
8 500 4.9928 5.5572 -0.4139 -0.7854 -2.0000
9 1 0.9603 5.3211 0.8611 -0.3927 -2.0000
9 2 0.7967 5.2014 0.8836 -0.3927 -2.0000
9 3 0.6358 5.0781 0.9061 0.3927 -2.0000
9 4 0.5504 4.8943 0.8836 -0.7854 -2.0000
9 5 0.3606 4.8045 0.9273 -0.7854 -1.0000
9 6 0.2672 4.7566 0.9491 0.0000 -2.0000
9 7 0.1508 4.5940 0.9491 -0.3927 -2.0000
9 8 -0.0017 4.4604 0.9716 0.0000 -2.0000
9 9 -0.1145 4.2953 0.9716 -0.7854 -1.0000
9 10 -0.2056 4.2432 0.9935 -0.7854 -1.0000
9 11 -0.2956 4.1892 1.0153 0.7854 -2.0000
9 12 -0.3195 3.9806 0.9716 0.0000 -1.0000
9 13 -0.3758 3.8980 0.9716 0.0000 -1.0000
9 14 -0.4322 3.8154 0.9716 0.7854 -1.0000
9 15 -0.4476 3.7115 0.9498 0.0000 0.0000
10 1 7.5367 4.4235 2.8671 0.3927 -2.0000
10 2 7.7392 4.4144 2.8446 -0.7854 2.0000
10 3 7.5903 4.5625 2.8010 0.7854 -2.0000
10 4 7.7991 4.5837 2.7573 -0.3927 -1.0000
10 5 7.8817 4.5248 2.7685 -0.7854 -1.0000
10 6 7.9528 4.4477 2.7904 -0.3927 -1.0000
10 7 8.0372 4.3916 2.8016 -0.7854 -1.0000
10 8 8.1109 4.3168 2.8235 0.3927 -2.0000
10 9 8.3128 4.2989 2.8010 0.3927 -2.0000
10 10 8.5143 4.2764 2.7785 -0.7854 -1.0000
10 11 8.5862 4.2000 2.8003 0.0000 -2.0000
10 12 8.7747 4.1330 2.8003 0.3927 -2.0000
10 13 8.9761 4.1104 2.7778 -0.3927 1.0000
10 14 8.8930 4.1685 2.7666 0.0000 -2.0000
10 15 9.0791 4.0952 2.7666 0.3927 -2.0000
10 16 9.2797 4.0659 2.7441 0.3927 -2.0000
10 17 9.4795 4.0320 2.7216 -0.3927 -2.0000
10 18 9.6409 3.9094 2.7441 -0.3927 -2.0000
10 19 9.8051 3.7905 2.7666 -0.3927 -2.0000
10 20 9.9718 3.6753 2.7891 -0.3927 -2.0000
10 21 10.1411 3.5639 2.8116 -0.3927 -2.0000
11 1 -8.4169 4.8069 2.2839 0.3927 1.0000
11 2 -8.4999 4.8650 2.2952 -0.7854 2.0000
11 3 -8.5495 5.0690 2.2515 0.3927 1.0000
11 4 -8.6306 5.1298 2.2628 0.0000 1.0000
11 5 -8.6944 5.2068 2.2628 -0.7854 2.0000
12 1 -7.5320 4.6888 -2.5432 -0.7854 -2.0000
12 2 -7.3246 4.7215 -2.4996 -0.7854 -2.0000
12 3 -7.1189 4.7632 -2.4559 -0.7854 -2.0000
12 4 -6.9151 4.8139 -2.4122 -0.7854 -2.0000
12 5 -6.7138 4.8735 -2.3685 -0.7854 -2.0000
12 6 -6.5153 4.9418 -2.3249 0.7854 2.0000
12 7 -6.5710 4.7393 -2.2812 0.7854 2.0000
12 8 -6.6178 4.5347 -2.2375 -0.7854 -2.0000
12 9 -6.4299 4.6283 -2.1938 -0.7854 -2.0000
12 10 -6.2462 4.7301 -2.1502 0.3927 2.0000
12 11 -6.3114 4.5381 -2.1277 0.7854 2.0000
12 12 -6.3264 4.3287 -2.0840 -0.7854 -2.0000
12 13 -6.1550 4.4500 -2.0403 0.3927 -2.0000
12 14 -6.1068 4.6469 -2.0628 0.7854 2.0000
12 15 -6.1082 4.4369 -2.0192 0.7854 2.0000
12 16 -6.1004 4.2271 -1.9755 -0.7854 -2.0000
12 17 -5.9432 4.3662 -1.9318 -0.7854 -2.0000
12 18 -5.7921 4.5121 -1.8881 -0.7854 -2.0000
12 19 -5.6476 4.6644 -1.8445 0.7854 1.0000
12 20 -5.6267 4.5615 -1.8226 0.3927 2.0000
12 21 -5.6266 4.3588 -1.8001 -0.7854 -2.0000
12 22 -5.4961 4.5232 -1.7565 0.7854 1.0000
12 23 -5.4662 4.4226 -1.7346 0.0000 2.0000
12 24 -5.4988 4.2253 -1.7346 0.3927 2.0000
12 25 -5.4809 4.0234 -1.7121 -0.7854 -2.0000
12 26 -5.3653 4.1986 -1.6685 0.7854 2.0000
12 27 -5.2859 4.0043 -1.6248 0.7854 2.0000
12 28 -5.1981 3.8136 -1.5811 0.0000 -2.0000
12 29 -5.1960 4.0136 -1.5811 -0.3927 -2.0000
12 30 -5.1479 4.2104 -1.5586 0.0000 2.0000
12 31 -5.1454 4.0105 -1.5586 0.3927 2.0000
12 32 -5.0925 3.8148 -1.5361 0.7854 2.0000
13 1 6.3913 5.1263 0.5638 -0.7854 -2.0000
13 2 6.1829 5.1007 0.6075 0.0000 -2.0000
13 3 6.0187 4.9866 0.6075 0.3927 -2.0000
13 4 5.8830 4.8361 0.5850 0.3927 1.0000
13 5 5.9512 4.9109 0.5962 -0.3927 -1.0000
13 6 5.8564 4.8751 0.6075 -0.7854 -2.0000
13 7 5.6494 4.8405 0.6511 -0.3927 -2.0000
13 8 5.4644 4.7576 0.6736 -0.7854 -2.0000
13 9 5.2601 4.7094 0.7173 -0.3927 -2.0000
13 10 5.0810 4.6144 0.7398 0.0000 -2.0000
13 11 4.9333 4.4796 0.7398 -0.7854 -2.0000
13 12 4.7326 4.4179 0.7835 -0.7854 -2.0000
13 13 4.5348 4.3476 0.8271 -0.3927 -2.0000
13 14 4.3672 4.2335 0.8496 -0.3927 -2.0000
13 15 4.2023 4.1158 0.8721 0.0000 -2.0000
13 16 4.0736 3.9626 0.8721 -0.7854 -2.0000
13 17 3.8828 3.8751 0.9158 -0.7854 -2.0000
13 18 3.6960 3.7792 0.9594 -0.3927 -2.0000
13 19 3.5450 3.6441 0.9819 -0.7854 -2.0000
13 20 3.3649 3.5361 1.0256 -0.7854 -2.0000
13 21 3.1897 3.4204 1.0693 -0.7854 -1.0000
13 22 3.1041 3.3597 1.0911 -0.3927 -2.0000
13 23 2.9721 3.2059 1.1136 -0.3927 -2.0000
13 24 2.8436 3.0492 1.1361 -0.3927 -2.0000
13 25 2.7186 2.8896 1.1586 0.3927 -2.0000
13 26 2.6818 2.6903 1.1361 -0.3927 -1.0000
13 27 2.6189 2.6108 1.1473 0.7854 -2.0000
13 28 2.6227 2.4009 1.1036 0.0000 -1.0000
13 29 2.5777 2.3116 1.1036 0.7854 -1.0000
13 30 2.5762 2.2067 1.0818 0.0000 0.0000
14 1 -6.3702 4.4286 2.8558 0.7854 2.0000
14 2 -6.5760 4.3869 2.8995 0.0000 0.0000
15 1 2.8432 3.8377 0.9949 -0.7854 -2.0000
15 2 2.6645 3.7274 1.0386 -0.7854 -2.0000
15 3 2.4909 3.6095 1.0823 -0.3927 -2.0000
15 4 2.3575 3.4568 1.1048 -0.3927 -2.0000
15 5 2.2276 3.3012 1.1272 -0.3927 -2.0000
15 6 2.1013 3.1428 1.1497 0.3927 -2.0000
15 7 2.0627 2.9438 1.1272 0.7854 -2.0000
15 8 2.0623 2.7338 1.0836 0.0000 -1.0000
15 9 2.0155 2.6455 1.0836 0.3927 -1.0000
15 10 1.9902 2.5473 1.0723 0.3927 -1.0000
15 11 1.9638 2.4495 1.0611 0.0000 0.0000
16 1 8.4615 3.7219 3.0698 -0.3927 2.0000
16 2 8.2693 3.7863 3.0474 0.3927 -1.0000
16 3 8.3697 3.8006 3.0361 0.7854 -2.0000
16 4 8.5678 3.8699 2.9924 -0.3927 -1.0000
16 5 8.6618 3.8319 3.0037 0.7854 -2.0000
16 6 8.8621 3.8947 2.9600 -0.3927 -1.0000
16 7 8.9548 3.8537 2.9712 -0.3927 -1.0000
16 8 9.0479 3.8137 2.9825 0.3927 -2.0000
16 9 9.2501 3.8280 2.9600 -0.7854 -1.0000
16 10 9.3347 3.7657 2.9818 0.3927 -2.0000
16 11 9.5368 3.7799 2.9594 -0.7854 -1.0000
16 12 9.6214 3.7176 2.9812 0.0000 -2.0000
16 13 9.8188 3.6857 2.9812 0.3927 -2.0000
16 14 10.0210 3.6997 2.9587 -0.7854 -1.0000
16 15 10.1055 3.6374 2.9805 0.0000 -2.0000
17 1 0.9538 5.2770 -2.9902 0.3927 -2.0000
17 2 1.1419 5.3524 -3.0127 0.0000 -2.0000
17 3 1.3403 5.3781 -3.0127 -0.7854 -2.0000
17 4 1.5400 5.3135 -2.9690 -0.7854 -2.0000
17 5 1.7424 5.2576 -2.9253 -0.3927 -2.0000
17 6 1.9451 5.2549 -2.9029 0.0000 -2.0000
17 7 2.1394 5.3022 -2.9029 -0.7854 -2.0000
17 8 2.3451 5.2599 -2.8592 -0.3927 -2.0000
17 9 2.5475 5.2706 -2.8367 -0.7854 -1.0000
17 10 2.6513 5.2551 -2.8149 -0.3927 -2.0000
17 11 2.8530 5.2748 -2.7924 0.3927 -2.0000
17 12 3.0227 5.3857 -2.8149 0.0000 -2.0000
17 13 3.2121 5.4499 -2.8149 -0.3927 -2.0000
17 14 3.4138 5.4695 -2.7924 -0.7854 -2.0000
17 15 3.6229 5.4501 -2.7487 -0.7854 -2.0000
17 16 3.8326 5.4398 -2.7050 -0.7854 -2.0000
17 17 4.0425 5.4387 -2.6613 0.0000 -2.0000
17 18 4.2199 5.5311 -2.6613 0.0000 -2.0000
17 19 4.3973 5.6235 -2.6613 -0.3927 -2.0000
17 20 4.5936 5.6738 -2.6389 -0.3927 -2.0000
17 21 4.7888 5.7285 -2.6164 0.7854 -2.0000
17 22 4.9080 5.9013 -2.6601 -0.7854 -1.0000
18 1 -0.9949 4.1689 2.3530 -0.3927 -1.0000
18 2 -0.9422 4.0824 2.3642 -0.7854 -1.0000
18 3 -0.9072 3.9834 2.3861 -0.3927 -1.0000
18 4 -0.8516 3.8987 2.3973 0.7854 -2.0000
18 5 -0.6512 3.8361 2.3536 0.7854 -2.0000
18 6 -0.4537 3.7649 2.3099 -0.3927 -1.0000
18 7 -0.4048 3.6762 2.3212 0.0000 -1.0000
18 8 -0.3366 3.6030 2.3212 -0.3927 -1.0000
18 9 -0.2866 3.5148 2.3324 0.7854 -2.0000
18 10 -0.0907 3.4394 2.2888 0.7854 -2.0000
18 11 0.1018 3.3555 2.2451 0.7854 -2.0000
18 12 0.2904 3.2633 2.2014 0.7854 -2.0000
18 13 0.4748 3.1630 2.1577 -0.3927 -1.0000
18 14 0.5097 3.0678 2.1690 0.0000 -1.0000
18 15 0.5660 2.9852 2.1690 0.7854 -1.0000
18 16 0.6571 2.9330 2.1471 0.0000 -1.0000
18 17 0.7116 2.8492 2.1471 0.0000 -1.0000
18 18 0.7661 2.7654 2.1471 0.3927 -1.0000
18 19 0.8396 2.6956 2.1359 0.7854 -1.0000
18 20 0.9290 2.6405 2.1141 0.3927 -1.0000
18 21 1.0001 2.5683 2.1028 0.7854 -1.0000
18 22 1.0876 2.5102 2.0810 0.0000 0.0000
19 1 -0.3377 3.7962 -1.0882 -0.7854 2.0000
19 2 -0.3383 3.5862 -1.1319 -0.3927 2.0000
19 3 -0.3007 3.3871 -1.1543 0.0000 -1.0000
19 4 -0.3411 3.4785 -1.1543 0.7854 1.0000
19 5 -0.2595 3.4125 -1.1325 -0.3927 2.0000
19 6 -0.2220 3.2134 -1.1550 0.0000 2.0000
19 7 -0.1412 3.0304 -1.1550 0.3927 -1.0000
19 8 -0.2026 3.1110 -1.1662 0.7854 2.0000
19 9 -0.0394 2.9789 -1.1226 0.7854 2.0000
19 10 0.1293 2.8540 -1.0789 0.7854 2.0000
19 11 0.3034 2.7366 -1.0352 0.0000 -1.0000
19 12 0.2524 2.8226 -1.0352 0.7854 -2.0000
19 13 0.0783 2.9400 -1.0789 0.7854 -2.0000
19 14 -0.0905 3.0649 -1.1226 0.7854 -2.0000
19 15 -0.2536 3.1970 -1.1662 0.0000 2.0000
19 16 -0.1749 3.0132 -1.1662 0.3927 -1.0000
19 17 -0.2354 3.0945 -1.1775 0.7854 2.0000
19 18 -0.0737 2.9605 -1.1338 0.7854 2.0000
19 19 0.0936 2.8337 -1.0901 0.0000 -1.0000
19 20 0.0474 2.9224 -1.0901 0.7854 -2.0000
19 21 -0.1200 3.0492 -1.1338 0.3927 -1.0000
19 22 -0.1831 3.1285 -1.1450 0.0000 -1.0000
19 23 -0.2244 3.2195 -1.1450 0.0000 2.0000
19 24 -0.1418 3.0374 -1.1450 0.3927 -1.0000
19 25 -0.2040 3.1174 -1.1563 0.0000 -1.0000
19 26 -0.2443 3.2089 -1.1563 0.0000 2.0000
19 27 -0.1637 3.0259 -1.1563 0.3927 2.0000
19 28 -0.0384 2.8666 -1.1338 0.3927 2.0000
19 29 0.0905 2.7101 -1.1113 0.7854 -1.0000
19 30 0.0074 2.7744 -1.1331 0.7854 2.0000
19 31 0.1749 2.6477 -1.0895 0.7854 2.0000
19 32 0.3477 2.5285 -1.0458 0.7854 2.0000
19 33 0.5255 2.4169 -1.0021 0.7854 2.0000
19 34 0.7081 2.3132 -0.9585 0.3927 -1.0000
19 35 0.6321 2.3803 -0.9697 0.7854 -1.0000
19 36 0.5408 2.4321 -0.9915 0.7854 2.0000
19 37 0.7245 2.3304 -0.9479 0.3927 -1.0000
19 38 0.6478 2.3966 -0.9591 0.7854 -1.0000
19 39 0.5560 2.4476 -0.9809 0.7854 2.0000
19 40 0.7407 2.3477 -0.9373 0.7854 2.0000
19 41 0.9296 2.2561 -0.8936 0.3927 -1.0000
19 42 0.8494 2.3181 -0.9048 0.3927 2.0000
19 43 1.0104 2.1950 -0.8823 0.7854 2.0000
19 44 1.2041 2.1138 -0.8387 0.7854 2.0000
19 45 1.4010 2.0412 -0.7950 0.7854 2.0000
19 46 1.6010 1.9773 -0.7513 0.7854 2.0000
20 1 -1.2869 5.0333 2.1166 0.0000 -2.0000
20 2 -1.1831 4.8624 2.1166 -0.7854 -2.0000
20 3 -1.1613 4.6536 2.1603 -0.7854 -2.0000
20 4 -1.1304 4.4459 2.2039 0.3927 -2.0000
20 5 -0.9765 4.3141 2.1814 -0.7854 -1.0000
20 6 -0.9599 4.2104 2.2033 -0.3927 -1.0000
20 7 -0.9207 4.1169 2.2145 -0.7854 -1.0000
20 8 -0.9008 4.0139 2.2364 0.3927 -2.0000
20 9 -0.7427 3.8871 2.2139 0.0000 -1.0000
20 10 -0.6827 3.8071 2.2139 0.7854 -2.0000
20 11 -0.4970 3.7090 2.1702 -0.3927 -1.0000
20 12 -0.4609 3.6143 2.1814 0.0000 -1.0000
20 13 -0.4036 3.5324 2.1814 0.7854 -1.0000
20 14 -0.3118 3.4814 2.1596 0.3927 -1.0000
20 15 -0.2375 3.4126 2.1484 0.7854 -1.0000
20 16 -0.1475 3.3585 2.1265 0.3927 -1.0000
20 17 -0.0754 3.2873 2.1153 0.0000 -1.0000
20 18 -0.0236 3.2017 2.1153 0.3927 -1.0000
20 19 0.0476 3.1297 2.1040 0.0000 -1.0000
20 20 0.0985 3.0435 2.1040 0.7854 -1.0000
20 21 0.1860 2.9856 2.0822 0.7854 -1.0000
20 22 0.2723 2.9257 2.0604 0.7854 -1.0000
20 23 0.3572 2.8640 2.0385 -0.7854 1.0000
20 24 0.3579 2.9690 2.0167 0.3927 -1.0000
20 25 0.4217 2.8903 2.0055 0.7854 -1.0000
20 26 0.5031 2.8240 1.9836 0.0000 0.0000
